1,1,119.43,336.81,139.49,56.79000000000002,1,1,1.0
1,2,207.07,246.7,95.06,43.19999999999999,1,1,1.0
1,3,731.72,266.45,74.05999999999995,39.5,1,1,1.0
2,1,98.44,340.52,139.5,56.78000000000003,1,1,1.0
2,2,207.07,246.7,95.07999999999998,43.25,1,1,1.0
2,3,720.61,267.68,74.05999999999995,39.50999999999999,1,1,1.0
3,1,73.75,342.99,139.5,56.77999999999997,1,1,1.0
3,2,207.07,246.7,95.10000000000002,43.29000000000002,1,1,1.0
3,3,708.26,275.09,74.07000000000005,39.5,1,1,1.0
4,1,50.3,347.92,139.49,56.789999999999964,1,1,1.0
4,2,207.07,246.7,95.12,43.329999999999984,1,1,1.0
4,3,694.68,273.86,74.07000000000005,39.5,1,1,1.0
5,1,20.67,349.16,149.32999999999998,56.77999999999997,1,1,1.0
5,2,207.07,246.7,95.13999999999999,43.370000000000005,1,1,1.0
5,3,682.34,273.86,74.06999999999994,39.5,1,1,1.0
6,1,0.92,355.33,149.33,56.79000000000002,1,1,1.0
6,2,207.07,246.7,95.16000000000003,43.420000000000016,1,1,1.0
6,3,667.52,277.56,74.07000000000005,39.5,1,1,1.0
7,1,0.92,355.33,128.38000000000002,64.17000000000002,1,1,1.0
7,2,207.07,246.7,95.18,43.460000000000036,1,1,1.0
7,3,651.48,277.56,74.05999999999995,39.5,1,1,1.0
8,1,0.92,355.33,104.88,71.57,1,1,1.0
8,2,207.07,246.7,95.19999999999999,43.5,1,1,1.0
8,3,637.9,280.03,77.80000000000007,39.5,1,1,1.0
9,1,0.92,355.33,83.88,71.57,1,1,1.0
9,2,207.07,246.7,95.23000000000002,43.54000000000002,1,1,1.0
9,3,620.61,281.3,82.78999999999996,43.170000000000016,1,1,1.0
10,1,0.92,355.33,55.48,71.57,1,1,1.0
10,2,207.07,246.7,95.25,43.579999999999984,1,1,1.0
10,3,604.57,283.77,82.77999999999997,43.170000000000016,1,1,1.0
11,1,0.92,357.8,33.28,69.09999999999997,1,1,1.0
11,2,207.07,246.7,95.26999999999998,43.629999999999995,1,1,1.0
11,3,589.75,288.71,82.78999999999996,43.170000000000016,1,1,1.0
12,2,207.07,246.7,95.29000000000002,43.670000000000016,1,1,1.0
12,3,576.17,286.2,82.79000000000008,46.910000000000025,1,1,1.0
13,2,207.07,246.7,95.31,43.710000000000036,1,1,1.0
13,3,557.7,288.7,87.67999999999995,49.35000000000002,1,1,1.0
14,2,207.07,246.7,95.32999999999998,43.75,1,1,1.0
14,3,540.42,291.17,87.68000000000006,49.349999999999966,1,1,1.0
15,2,207.07,246.7,95.35000000000002,43.79000000000002,1,1,1.0
15,3,529.31,292.4,87.68000000000006,49.35000000000002,1,1,1.0
16,2,207.07,246.7,95.37,43.84000000000003,1,1,1.0
16,3,512.03,298.58,87.68000000000006,49.34000000000003,1,1,1.0
17,2,207.07,246.7,95.40000000000003,43.879999999999995,1,1,1.0
17,3,495.98,301.04,87.67999999999995,49.349999999999966,1,1,1.0
18,2,207.07,246.7,95.42000000000002,43.920000000000016,1,1,1.0
18,3,472.49,299.5,98.30999999999995,52.410000000000025,1,1,1.0
19,2,207.07,246.7,95.44,43.960000000000036,1,1,1.0
19,3,455.82,300.26,98.31,58.5,1,1,1.0
20,2,207.07,246.7,95.45999999999998,44.0,1,1,1.0
20,3,440.66,303.29,98.32,58.5,1,1,1.0
21,2,207.07,246.7,95.48000000000002,44.05000000000001,1,1,1.0
21,3,421.72,305.56,102.88,58.5,1,1,1.0
22,2,207.07,246.7,95.5,44.09000000000003,1,1,1.0
22,3,405.81,310.87,102.88,58.5,1,1,1.0
23,2,207.07,246.7,95.51999999999998,44.129999999999995,1,1,1.0
23,3,388.38,313.14,102.88,58.5,1,1,1.0
24,2,207.07,246.7,95.54000000000002,44.170000000000016,1,1,1.0
24,3,366.41,317.69,108.88999999999999,58.5,1,1,1.0
25,2,207.07,246.7,95.56,44.210000000000036,1,1,1.0
25,3,348.22,320.72,108.88999999999999,58.5,1,1,1.0
26,2,207.07,246.7,95.59000000000003,44.25999999999999,1,1,1.0
26,3,328.52,327.54,108.89000000000004,58.5,1,1,1.0
27,2,207.07,246.7,95.61000000000001,44.30000000000001,1,1,1.0
27,3,308.06,329.05,114.94,58.5,1,1,1.0
28,2,207.07,246.7,95.63,44.34000000000003,1,1,1.0
28,3,284.57,332.08,121.03000000000003,58.5,1,1,1.0
29,2,207.07,246.7,95.65000000000003,44.379999999999995,1,1,1.0
29,3,264.11,335.87,121.02999999999997,58.5,1,1,1.0
30,2,207.07,246.7,95.67000000000002,44.420000000000016,1,1,1.0
30,3,244.41,334.4,121.03,64.52000000000004,1,1,1.0
31,2,207.07,246.7,95.69,44.47000000000003,1,1,1.0
31,3,222.44,341.98,127.86000000000001,64.51999999999998,1,1,1.0
32,2,207.07,246.7,95.70999999999998,44.50999999999999,1,1,1.0
32,3,198.1,346.03,127.85999999999999,64.52000000000004,1,1,1.0
33,2,207.07,246.7,95.73000000000002,44.55000000000001,1,1,1.0
33,3,175.79,351.1,135.01000000000002,64.51999999999998,1,1,1.0
34,2,207.07,246.7,95.75999999999999,44.59000000000003,1,1,1.0
34,3,149.43,355.16,135.01,64.51999999999998,1,1,1.0
35,2,207.07,246.7,95.78000000000003,44.629999999999995,1,1,1.0
35,3,127.12,359.22,141.07999999999998,64.51999999999998,1,1,1.0
36,2,207.07,246.7,95.80000000000001,44.68000000000001,1,1,1.0
36,3,100.76,362.3,146.14,69.55000000000001,1,1,1.0
37,2,207.07,246.7,95.82,44.72000000000003,1,1,1.0
37,3,75.41,365.34,146.14000000000001,69.55000000000001,1,1,1.0
38,2,207.07,246.7,95.84000000000003,44.75999999999999,1,1,1.0
38,3,43.97,373.45,154.23,69.55000000000001,1,1,1.0
39,2,207.07,246.7,95.86000000000001,44.80000000000001,1,1,1.0
39,3,16.59,371.4,162.31,80.73000000000002,1,1,1.0
40,2,207.07,246.7,95.88,44.84000000000003,1,1,1.0
40,3,0.0,374.44,159.63,80.73000000000002,1,1,1.0
41,2,207.07,246.7,95.90000000000003,44.889999999999986,1,1,1.0
41,3,0.0,380.53,133.3,80.72000000000003,1,1,1.0
42,2,207.07,246.7,95.93,44.93000000000001,1,1,1.0
42,3,0.0,380.53,104.9,80.72000000000003,1,1,1.0
43,2,207.07,246.7,95.94999999999999,44.97000000000003,1,1,1.0
43,3,0.0,380.53,78.5,80.72000000000003,1,1,1.0
44,2,207.07,246.7,95.97000000000003,45.00999999999999,1,1,1.0
44,3,0.0,380.53,55.2,80.72000000000003,1,1,1.0
45,2,207.07,246.7,95.99000000000001,45.05000000000001,1,1,1.0
45,3,0.0,406.9,27.8,54.35000000000002,1,1,1.0
46,2,207.07,246.7,96.00999999999999,45.10000000000002,1,1,1.0
47,2,207.07,246.7,96.03000000000003,45.139999999999986,1,1,1.0
48,2,207.07,246.7,96.05000000000001,45.18000000000001,1,1,1.0
49,2,207.07,246.7,96.07,45.22000000000003,1,1,1.0
50,2,207.07,246.7,96.09000000000003,45.25999999999999,1,1,1.0
51,2,207.07,246.7,96.12,45.31,1,1,1.0
52,2,207.07,246.7,96.13999999999999,45.35000000000002,1,1,1.0
53,2,207.07,246.7,96.16000000000003,45.389999999999986,1,1,1.0
54,2,207.07,246.7,96.18,45.43000000000001,1,1,1.0
55,2,207.07,246.7,96.19999999999999,45.47000000000003,1,1,1.0
56,2,207.07,246.7,96.22000000000003,45.52000000000004,1,1,1.0
57,2,207.07,246.7,96.24000000000001,45.56,1,1,1.0
58,2,207.07,246.7,96.25999999999999,45.60000000000002,1,1,1.0
59,2,207.07,246.7,96.29000000000002,45.639999999999986,1,1,1.0
60,2,207.07,246.7,96.31,45.68000000000001,1,1,1.0
61,2,207.07,246.7,96.32999999999998,45.73000000000002,1,1,1.0
61,4,901.04,241.62,8.110000000000014,26.360000000000014,1,1,1.0
62,2,207.07,246.7,96.35000000000002,45.77000000000004,1,1,1.0
62,4,896.97,241.62,12.17999999999995,26.360000000000014,1,1,1.0
62,5,902.05,265.95,18.25,27.379999999999995,1,1,1.0
63,2,207.07,246.7,96.37,45.81,1,1,1.0
63,4,892.9,241.62,16.25,26.360000000000014,1,1,1.0
63,5,895.0,265.95,25.299999999999955,27.379999999999995,1,1,1.0
64,2,207.07,246.7,96.38999999999999,45.85000000000002,1,1,1.0
64,4,881.7,241.62,27.449999999999932,26.360000000000014,1,1,1.0
64,5,887.9,265.95,32.39999999999998,35.44999999999999,1,1,1.0
65,2,207.07,246.7,96.41000000000003,45.900000000000034,1,1,1.0
65,4,876.1,241.62,33.049999999999955,26.360000000000014,1,1,1.0
65,5,883.35,265.95,36.94999999999993,35.44999999999999,1,1,1.0
66,2,207.07,246.7,96.43,45.94,1,1,1.0
66,4,870.5,241.62,38.64999999999998,26.360000000000014,1,1,1.0
66,5,878.8,265.95,41.5,35.44999999999999,1,1,1.0
67,2,207.07,246.7,96.45999999999998,45.98000000000002,1,1,1.0
67,4,863.4,241.62,45.75,26.360000000000014,1,1,1.0
67,5,872.7,265.95,47.59999999999991,43.55000000000001,1,1,1.0
68,2,207.07,246.7,96.48000000000002,46.02000000000004,1,1,1.0
68,4,857.3,241.62,51.85000000000002,26.360000000000014,1,1,1.0
68,5,865.6,265.95,54.69999999999993,43.55000000000001,1,1,1.0
69,2,207.07,246.7,96.5,46.06,1,1,1.0
69,4,851.2,241.62,57.94999999999993,26.360000000000014,1,1,1.0
69,5,856.5,265.95,63.799999999999955,43.55000000000001,1,1,1.0
70,2,207.07,246.7,96.51999999999998,46.110000000000014,1,1,1.0
70,4,843.6,247.21,41.73000000000002,24.319999999999965,1,1,1.0
70,5,856.5,236.6,63.799999999999955,72.9,1,1,1.0
71,2,207.07,246.7,96.54000000000002,46.150000000000034,1,1,1.0
71,4,836.0,252.8,25.5,22.279999999999973,1,1,1.0
71,5,843.3,236.6,77.0,78.00000000000003,1,1,1.0
72,2,207.07,246.7,96.56,46.19,1,1,1.0
72,4,829.41,256.86,25.5,22.279999999999973,1,1,1.0
72,5,838.23,237.11,77.0,78.0,1,1,1.0
73,2,207.07,246.7,96.57999999999998,46.23000000000002,1,1,1.0
73,4,822.82,260.91,25.5,22.279999999999973,1,1,1.0
73,5,833.16,237.61,77.0,78.0,1,1,1.0
74,2,207.07,246.7,96.60000000000002,46.27000000000004,1,1,1.0
74,4,813.7,260.91,21.399999999999977,22.279999999999973,1,1,1.0
74,5,824.0,237.61,86.15999999999997,78.0,1,1,1.0
75,2,207.07,246.7,96.62,46.31999999999999,1,1,1.0
75,4,813.7,254.8,21.399999999999977,28.389999999999986,1,1,1.0
75,5,819.9,237.61,90.25999999999999,78.0,1,1,1.0
76,2,207.07,246.7,96.65000000000003,46.360000000000014,1,1,1.0
76,4,797.48,257.84,21.399999999999977,28.390000000000043,1,1,1.0
76,5,808.7,237.61,101.45999999999992,78.0,1,1,1.0
77,2,207.07,246.7,96.67000000000002,46.400000000000034,1,1,1.0
77,4,791.39,259.87,21.399999999999977,28.389999999999986,1,1,1.0
77,5,803.6,236.6,108.59000000000003,91.20000000000002,1,1,1.0
78,2,207.07,246.7,96.69,46.44,1,1,1.0
78,4,780.2,259.87,32.58999999999992,28.389999999999986,1,1,1.0
78,5,795.5,236.6,116.69000000000005,91.20000000000002,1,1,1.0
79,2,207.07,246.7,96.70999999999998,46.48000000000002,1,1,1.0
79,4,772.1,259.87,40.68999999999994,28.389999999999986,1,1,1.0
79,5,786.4,236.6,125.79000000000008,91.20000000000002,1,1,1.0
80,2,207.07,246.7,96.73000000000002,46.53000000000003,1,1,1.0
80,4,759.9,259.87,52.889999999999986,28.389999999999986,1,1,1.0
80,5,775.2,236.6,136.99,91.20000000000002,1,1,1.0
81,2,207.07,246.7,96.75,46.56999999999999,1,1,1.0
81,4,751.79,260.88,29.600000000000023,28.399999999999977,1,1,1.0
81,5,767.1,236.6,145.09000000000003,91.20000000000002,1,1,1.0
82,2,207.07,246.7,96.76999999999998,46.610000000000014,1,1,1.0
82,4,740.6,260.88,40.789999999999964,28.399999999999977,1,1,1.0
82,5,758.0,236.6,154.19000000000005,98.29999999999998,1,1,1.0
83,2,207.07,246.7,96.79000000000002,46.650000000000034,1,1,1.0
83,4,729.45,260.88,40.77999999999997,28.399999999999977,1,1,1.0
83,5,748.9,236.6,163.29000000000008,98.29999999999998,1,1,1.0
84,2,207.07,246.7,96.82,46.69,1,1,1.0
84,4,718.29,260.88,40.79000000000008,28.399999999999977,1,1,1.0
84,5,739.8,236.6,172.3900000000001,98.29999999999998,1,1,1.0
85,2,207.07,246.7,96.84000000000003,46.74000000000001,1,1,1.0
85,4,704.1,263.93,40.77999999999997,28.389999999999986,1,1,1.0
85,5,730.7,236.6,181.49,98.29999999999998,1,1,1.0
86,2,207.07,246.7,96.86000000000001,46.78000000000003,1,1,1.0
86,4,694.97,262.91,40.789999999999964,28.389999999999986,1,1,1.0
86,5,721.6,236.6,190.59000000000003,108.4,1,1,1.0
87,2,207.07,246.7,96.88,46.81999999999999,1,1,1.0
87,4,685.84,261.9,40.789999999999964,28.390000000000043,1,1,1.0
87,5,716.53,237.61,190.59000000000003,108.39999999999998,1,1,1.0
87,6,884.81,232.49,24.340000000000032,23.319999999999993,1,1,1.0
88,2,207.07,246.7,96.90000000000003,46.860000000000014,1,1,1.0
88,4,675.7,265.95,40.789999999999964,28.400000000000034,1,1,1.0
88,5,705.38,238.63,190.59000000000003,108.39999999999998,1,1,1.0
88,6,884.81,232.49,24.340000000000032,41.610000000000014,1,1,1.0
89,2,207.07,246.7,96.92000000000002,46.900000000000034,1,1,1.0
89,4,666.58,263.93,40.789999999999964,28.389999999999986,1,1,1.0
89,5,699.29,237.61,190.59000000000003,108.39999999999998,1,1,1.0
89,6,878.73,233.51,24.340000000000032,41.60000000000002,1,1,1.0
90,2,207.07,246.7,96.94,46.94999999999999,1,1,1.0
90,4,652.38,267.98,44.82000000000005,28.389999999999986,1,1,1.0
90,5,683.07,242.68,204.77999999999997,108.39999999999998,1,1,1.0
90,6,872.64,234.52,24.340000000000032,41.609999999999985,1,1,1.0
91,2,207.07,246.7,96.95999999999998,46.99000000000001,1,1,1.0
91,4,644.27,267.98,44.82000000000005,28.389999999999986,1,1,1.0
91,5,671.92,245.73,204.7800000000001,108.4,1,1,1.0
91,6,865.55,234.52,24.33000000000004,41.609999999999985,1,1,1.0
92,2,207.07,246.7,96.99000000000001,47.03000000000003,1,1,1.0
92,4,629.06,266.97,44.82000000000005,28.389999999999986,1,1,1.0
92,5,663.8,248.77,204.7800000000001,108.4,1,1,1.0
92,6,858.45,234.52,24.329999999999927,41.609999999999985,1,1,1.0
93,2,207.07,246.7,97.00999999999999,47.06999999999999,1,1,1.0
93,4,618.92,267.98,44.82000000000005,28.389999999999986,1,1,1.0
93,5,656.71,244.7,209.89,115.50999999999999,1,1,1.0
93,6,849.83,235.03,24.339999999999918,41.609999999999985,1,1,1.0
94,2,207.07,246.7,97.03000000000003,47.110000000000014,1,1,1.0
94,4,602.69,266.97,77.30999999999995,33.42999999999995,1,1,1.0
94,5,645.55,245.71,209.9000000000001,115.51000000000002,1,1,1.0
94,6,841.21,235.53,24.339999999999918,41.609999999999985,1,1,1.0
95,2,207.07,246.7,97.05000000000001,47.160000000000025,1,1,1.0
95,4,587.48,266.97,77.30999999999995,33.42999999999995,1,1,1.0
95,5,626.29,247.73,230.18000000000006,123.63000000000002,1,1,1.0
95,6,828.03,240.12,29.889999999999986,30.44999999999999,1,1,1.0
96,2,207.07,246.7,97.07,47.19999999999999,1,1,1.0
96,4,579.37,266.97,77.30999999999995,33.42999999999995,1,1,1.0
96,5,618.17,246.71,230.19000000000005,123.64000000000001,1,1,1.0
96,6,814.85,244.7,35.44999999999993,19.30000000000001,1,1,1.0
97,2,207.07,246.7,97.09000000000003,47.24000000000001,1,1,1.0
97,4,566.19,266.97,77.29999999999995,33.42999999999995,1,1,1.0
97,5,608.03,244.69,230.19000000000005,123.63,1,1,1.0
97,6,802.17,244.7,40.5,19.30000000000001,1,1,1.0
98,2,207.07,246.7,97.11000000000001,47.28000000000003,1,1,1.0
98,4,555.03,265.96,77.31000000000006,33.43000000000001,1,1,1.0
98,5,596.88,249.76,230.19000000000005,123.63,1,1,1.0
98,6,789.5,244.7,45.549999999999955,19.30000000000001,1,1,1.0
99,2,207.07,246.7,97.13,47.31999999999999,1,1,1.0
99,4,543.88,271.03,77.31000000000006,33.43000000000001,1,1,1.0
99,5,581.7,249.76,236.24,123.63,1,1,1.0
99,6,775.3,245.71,47.60000000000002,19.299999999999983,1,1,1.0
100,2,207.07,246.7,97.15000000000003,47.370000000000005,1,1,1.0
100,4,525.63,272.04,77.29999999999995,33.43000000000001,1,1,1.0
100,5,572.57,260.91,236.2399999999999,123.63999999999999,1,1,1.0
100,6,769.21,245.71,47.610000000000014,19.299999999999983,1,1,1.0
101,2,207.07,246.7,97.18,47.410000000000025,1,1,1.0
101,4,513.46,270.01,91.53999999999996,33.43000000000001,1,1,1.0
101,5,555.34,260.91,248.36,123.63999999999999,1,1,1.0
101,6,742.8,245.71,74.0200000000001,19.299999999999983,1,1,1.0
102,2,207.07,246.7,97.19999999999999,47.44999999999999,1,1,1.0
102,4,498.25,272.04,91.53999999999996,33.43000000000001,1,1,1.0
102,5,539.62,262.43,254.45000000000005,123.63999999999999,1,1,1.0
102,6,732.7,245.71,84.12,19.299999999999983,1,1,1.0
103,2,207.07,246.7,97.22000000000003,47.49000000000001,1,1,1.0
103,4,489.12,272.04,91.53999999999996,33.43000000000001,1,1,1.0
103,5,523.9,263.95,260.53,123.63999999999999,1,1,1.0
103,6,721.55,246.73,84.11000000000001,19.299999999999983,1,1,1.0
104,2,207.07,246.7,97.24000000000001,47.53000000000003,1,1,1.0
104,4,472.9,273.05,91.54000000000008,33.43000000000001,1,1,1.0
104,5,514.27,264.46,260.53,123.64000000000004,1,1,1.0
104,6,708.36,246.73,84.12,19.299999999999983,1,1,1.0
105,2,207.07,246.7,97.25999999999999,47.579999999999984,1,1,1.0
105,4,457.69,273.05,91.54000000000002,33.43000000000001,1,1,1.0
105,5,504.63,264.97,260.53999999999996,123.63,1,1,1.0
105,6,696.2,247.74,84.1099999999999,19.30000000000001,1,1,1.0
106,2,207.07,246.7,97.28000000000003,47.620000000000005,1,1,1.0
106,4,441.46,273.05,91.54000000000002,33.43000000000001,1,1,1.0
106,5,493.48,272.07,263.62,123.63,1,1,1.0
106,6,687.07,248.76,84.12,19.30000000000001,1,1,1.0
107,2,207.07,246.7,97.30000000000001,47.660000000000025,1,1,1.0
107,4,433.35,273.05,91.53999999999996,33.43000000000001,1,1,1.0
107,5,477.26,272.07,271.74,132.73000000000002,1,1,1.0
107,6,670.84,250.78,84.12,19.299999999999983,1,1,1.0
108,2,207.07,246.7,97.32,47.69999999999999,1,1,1.0
108,4,414.08,275.08,99.62000000000006,33.43000000000001,1,1,1.0
108,5,455.96,277.13,292.04,132.74,1,1,1.0
108,6,657.66,251.8,84.12,19.30000000000001,1,1,1.0
109,2,207.07,246.7,97.35000000000002,47.74000000000001,1,1,1.0
109,4,404.96,275.08,99.61000000000001,33.43000000000001,1,1,1.0
109,5,444.81,270.04,292.04,144.85999999999996,1,1,1.0
109,6,641.44,252.81,84.11999999999989,19.30000000000001,1,1,1.0
110,2,207.07,246.7,97.37,47.79000000000002,1,1,1.0
110,4,388.73,276.1,99.62,33.42999999999995,1,1,1.0
110,5,428.58,274.09,292.04,144.87,1,1,1.0
110,6,637.38,253.83,84.12,19.299999999999983,1,1,1.0
111,2,207.07,246.7,97.38999999999999,47.829999999999984,1,1,1.0
111,4,373.52,277.11,99.62,33.43000000000001,1,1,1.0
111,5,412.36,275.11,301.14,144.86,1,1,1.0
111,6,623.18,253.83,84.12,19.299999999999983,1,1,1.0
112,2,207.07,246.7,97.41000000000003,47.870000000000005,1,1,1.0
112,4,359.32,278.12,99.62,33.44,1,1,1.0
112,5,394.1,279.16,307.19999999999993,144.85999999999996,1,1,1.0
112,6,606.96,257.88,84.12,19.30000000000001,1,1,1.0
113,2,207.07,246.7,97.43,47.910000000000025,1,1,1.0
113,4,340.06,279.14,110.74000000000001,33.43000000000001,1,1,1.0
113,5,372.81,284.23,317.29,144.87,1,1,1.0
113,6,579.58,259.91,90.21999999999991,19.299999999999955,1,1,1.0
114,2,207.07,246.7,97.44999999999999,47.94999999999999,1,1,1.0
114,4,329.92,279.14,110.74000000000001,33.43000000000001,1,1,1.0
114,5,352.53,288.29,326.37,144.85999999999996,1,1,1.0
114,6,566.4,254.8,105.39999999999998,36.579999999999984,1,1,1.0
115,2,207.07,246.7,97.47000000000003,48.0,1,1,1.0
115,4,313.69,283.19,110.74000000000001,33.43000000000001,1,1,1.0
115,5,342.39,281.19,326.37,167.20999999999998,1,1,1.0
115,6,553.22,253.79,105.39999999999998,36.58000000000001,1,1,1.0
116,2,207.07,246.7,97.49000000000001,48.04000000000002,1,1,1.0
116,4,296.45,283.19,110.75,33.43000000000001,1,1,1.0
116,5,319.07,286.26,342.63000000000005,167.21000000000004,1,1,1.0
116,6,544.6,253.79,105.39999999999998,36.58000000000001,1,1,1.0
116,7,895.97,225.39,14.18999999999994,49.69,1,1,1.0
117,2,207.07,246.7,97.51999999999998,48.079999999999984,1,1,1.0
117,4,283.27,283.19,110.74000000000001,33.43000000000001,1,1,1.0
117,5,299.8,290.32,342.62999999999994,167.20999999999998,1,1,1.0
117,6,535.98,253.79,105.39999999999998,36.58000000000001,1,1,1.0
117,7,891.93,224.9,18.230000000000018,50.17999999999998,1,1,1.0
118,2,207.07,246.7,97.54000000000002,48.120000000000005,1,1,1.0
118,4,271.1,279.1,110.75,42.589999999999975,1,1,1.0
118,5,281.55,288.29,357.84999999999997,167.20999999999998,1,1,1.0
118,6,511.64,254.8,105.39999999999998,36.579999999999984,1,1,1.0
118,7,887.9,224.4,22.25999999999999,50.67999999999998,1,1,1.0
119,2,207.07,246.7,97.56,48.170000000000016,1,1,1.0
119,4,253.87,280.11,110.74000000000001,42.599999999999966,1,1,1.0
119,5,251.13,283.22,372.03999999999996,183.47999999999996,1,1,1.0
119,6,494.4,259.87,105.39999999999998,36.579999999999984,1,1,1.0
119,7,878.8,214.3,31.360000000000014,60.77999999999997,1,1,1.0
120,2,207.07,246.7,97.57999999999998,48.210000000000036,1,1,1.0
120,4,236.63,280.11,110.74000000000001,42.599999999999966,1,1,1.0
120,5,234.9,288.29,372.05000000000007,183.47999999999996,1,1,1.0
120,6,481.22,259.87,105.39999999999998,36.579999999999984,1,1,1.0
120,7,873.75,214.3,36.40999999999997,60.77999999999997,1,1,1.0
121,2,207.07,246.7,97.60000000000002,48.25,1,1,1.0
121,4,219.39,282.14,110.74000000000001,42.60000000000002,1,1,1.0
121,5,211.58,294.37,389.31999999999994,183.48000000000002,1,1,1.0
121,6,462.97,262.91,105.39999999999998,36.579999999999984,1,1,1.0
121,7,868.7,214.3,41.45999999999992,60.77999999999997,1,1,1.0
122,2,207.07,246.7,97.62,48.29000000000002,1,1,1.0
122,4,202.15,283.16,110.73999999999998,42.589999999999975,1,1,1.0
122,5,196.37,298.43,389.32000000000005,183.48000000000002,1,1,1.0
122,6,451.81,262.91,105.41000000000003,36.579999999999984,1,1,1.0
122,7,864.15,214.3,46.00999999999999,60.77999999999997,1,1,1.0
123,2,207.07,246.7,97.63999999999999,48.329999999999984,1,1,1.0
123,4,189.98,284.17,110.74000000000004,42.589999999999975,1,1,1.0
123,5,170.0,300.45,404.5,183.49,1,1,1.0
123,6,440.66,262.91,105.39999999999992,36.579999999999984,1,1,1.0
123,7,859.6,214.3,50.559999999999945,60.77999999999997,1,1,1.0
124,2,207.07,246.7,97.66000000000003,48.379999999999995,1,1,1.0
124,4,169.7,286.2,117.80000000000001,42.59000000000003,1,1,1.0
124,5,129.44,299.4,434.96,198.70000000000005,1,1,1.0
124,6,421.39,263.93,105.39999999999998,36.579999999999984,1,1,1.0
124,7,849.5,214.3,60.65999999999997,60.77999999999997,1,1,1.0
125,2,207.07,246.7,97.68,48.420000000000016,1,1,1.0
125,4,149.42,291.27,117.80000000000004,42.59000000000003,1,1,1.0
125,5,114.23,299.4,434.96000000000004,198.70000000000005,1,1,1.0
125,6,408.21,269.0,105.40000000000003,36.579999999999984,1,1,1.0
125,7,849.5,214.3,60.65999999999997,65.80000000000001,1,1,1.0
126,2,207.07,246.7,97.70999999999998,48.460000000000036,1,1,1.0
126,4,135.22,290.25,117.80000000000001,42.60000000000002,1,1,1.0
126,5,87.87,310.55,445.13,198.7,1,1,1.0
126,6,394.01,270.01,111.49000000000001,36.579999999999984,1,1,1.0
126,7,840.4,214.3,69.75999999999999,65.80000000000001,1,1,1.0
127,2,207.07,246.7,97.73000000000002,48.5,1,1,1.0
127,4,117.99,290.25,124.91000000000001,42.60000000000002,1,1,1.0
127,5,54.41,309.54,467.39,211.85999999999996,1,1,1.0
127,6,381.85,268.0,111.47999999999996,39.610000000000014,1,1,1.0
127,7,834.3,214.3,75.86000000000001,65.80000000000001,1,1,1.0
128,2,207.07,246.7,97.75,48.54000000000002,1,1,1.0
128,4,98.72,292.28,124.91,42.60000000000002,1,1,1.0
128,5,35.14,309.54,467.39,211.85999999999996,1,1,1.0
128,6,364.61,268.0,111.47999999999996,39.610000000000014,1,1,1.0
128,7,828.2,214.3,81.95999999999992,65.80000000000001,1,1,1.0
129,2,207.07,246.7,97.76999999999998,48.59000000000003,1,1,1.0
129,4,81.48,295.32,124.92,42.60000000000002,1,1,1.0
129,5,0.0,314.61,498.5,211.86,1,1,1.0
129,6,351.42,272.06,111.49000000000001,39.60000000000002,1,1,1.0
129,7,824.1,214.3,86.05999999999995,65.80000000000001,1,1,1.0
130,2,207.07,246.7,97.79000000000002,48.629999999999995,1,1,1.0
130,4,61.2,298.37,124.91000000000001,42.589999999999975,1,1,1.0
130,5,1.01,310.6,478.2,229.04999999999995,1,1,1.0
130,6,334.19,272.06,111.48000000000002,39.60000000000002,1,1,1.0
130,7,820.04,215.31,86.07000000000005,65.80000000000001,1,1,1.0
131,2,207.07,246.7,97.81,48.670000000000016,1,1,1.0
131,4,40.92,299.38,124.91000000000001,42.60000000000002,1,1,1.0
131,5,1.01,310.6,454.89,229.04999999999995,1,1,1.0
131,6,316.9,273.07,117.60000000000002,39.610000000000014,1,1,1.0
131,7,810.9,216.33,92.17000000000007,65.79999999999998,1,1,1.0
132,2,207.07,246.7,97.82999999999998,48.710000000000036,1,1,1.0
132,4,23.68,302.42,131.01999999999998,42.599999999999966,1,1,1.0
132,5,3.04,310.6,436.65999999999997,229.04999999999995,1,1,1.0
132,6,301.69,273.1,123.70999999999998,43.629999999999995,1,1,1.0
132,7,808.87,216.33,92.16999999999996,65.79999999999998,1,1,1.0
133,2,207.07,246.7,97.85000000000002,48.75,1,1,1.0
133,4,4.42,303.44,131.01000000000002,42.589999999999975,1,1,1.0
133,5,3.04,310.6,420.46,229.04999999999995,1,1,1.0
133,6,287.49,274.11,123.70999999999998,43.639999999999986,1,1,1.0
133,7,799.75,216.33,92.15999999999997,65.79999999999998,1,1,1.0
134,2,207.07,246.7,97.88,48.80000000000001,1,1,1.0
134,4,0.0,304.45,127.32,42.60000000000002,1,1,1.0
134,5,3.04,323.8,405.26,215.84999999999997,1,1,1.0
134,6,272.28,275.13,123.71000000000004,43.629999999999995,1,1,1.0
134,7,790.62,218.36,92.16999999999996,65.80000000000001,1,1,1.0
134,8,690.12,520.47,78.08000000000004,19.529999999999973,1,1,1.0
135,2,207.07,246.7,97.90000000000003,48.84000000000003,1,1,1.0
135,4,0.0,304.45,101.0,42.60000000000002,1,1,1.0
135,5,3.04,323.8,383.96,215.84999999999997,1,1,1.0
135,6,255.04,278.17,123.72,43.629999999999995,1,1,1.0
135,7,783.52,221.4,92.17000000000007,65.79999999999998,1,1,1.0
135,8,690.12,520.47,106.48000000000002,19.529999999999973,1,1,1.0
136,2,207.07,246.7,97.92000000000002,48.879999999999995,1,1,1.0
136,4,0.0,304.45,84.8,42.60000000000002,1,1,1.0
136,5,0.0,327.86,370.8,212.14,1,1,1.0
136,6,238.82,277.16,123.70999999999998,43.629999999999995,1,1,1.0
136,7,778.45,221.4,92.16999999999996,65.79999999999998,1,1,1.0
136,8,696.2,517.4,118.69999999999993,22.600000000000023,1,1,1.0
137,2,207.07,246.7,97.94,48.920000000000016,1,1,1.0
137,4,0.0,304.45,68.05,46.120000000000005,1,1,1.0
137,5,0.0,332.43,353.05,207.57,1,1,1.0
137,6,220.57,280.2,123.70999999999998,43.629999999999995,1,1,1.0
137,7,774.4,222.41,92.15999999999997,65.79999999999998,1,1,1.0
137,8,696.2,509.3,137.0,30.69999999999999,1,1,1.0
138,2,207.07,246.7,97.95999999999998,48.960000000000036,1,1,1.0
138,4,0.0,304.45,51.3,49.650000000000034,1,1,1.0
138,5,0.0,337.0,335.3,203.0,1,1,1.0
138,6,205.36,280.2,123.70999999999998,43.629999999999995,1,1,1.0
138,7,766.28,221.4,92.17000000000007,65.79999999999998,1,1,1.0
138,8,705.33,501.19,137.0,37.80000000000001,1,1,1.0
139,2,207.07,246.7,97.98000000000002,49.00999999999999,1,1,1.0
139,4,0.0,312.6,27.0,41.5,1,1,1.0
139,5,0.0,340.0,313.0,200.0,1,1,1.0
139,6,188.12,287.3,123.70999999999998,43.629999999999995,1,1,1.0
139,7,756.14,222.41,99.25999999999999,65.79999999999998,1,1,1.0
139,8,714.45,496.1,137.0,42.889999999999986,1,1,1.0
140,2,207.07,246.7,98.0,49.05000000000001,1,1,1.0
140,4,0.0,320.7,12.8,33.400000000000034,1,1,1.0
140,5,0.0,344.05,293.25,195.95,1,1,1.0
140,6,168.85,288.31,132.85,43.629999999999995,1,1,1.0
140,7,750.06,223.43,99.2600000000001,65.80000000000001,1,1,1.0
140,8,714.45,491.0,148.14999999999998,47.99000000000001,1,1,1.0
141,2,207.07,246.7,98.01999999999998,49.09000000000003,1,1,1.0
141,5,0.0,348.1,273.5,191.89999999999998,1,1,1.0
141,6,151.61,289.33,132.84999999999997,43.629999999999995,1,1,1.0
141,7,740.93,222.41,99.2600000000001,65.79999999999998,1,1,1.0
141,8,714.45,483.9,158.25,55.09000000000003,1,1,1.0
142,2,207.07,246.7,98.05000000000001,49.129999999999995,1,1,1.0
142,5,0.0,348.1,249.2,191.89999999999998,1,1,1.0
142,6,134.38,291.35,132.84000000000003,43.639999999999986,1,1,1.0
142,7,734.85,223.43,99.25999999999999,65.80000000000001,1,1,1.0
142,8,728.65,480.9,158.25,59.10000000000002,1,1,1.0
143,2,207.07,246.7,98.07,49.170000000000016,1,1,1.0
143,5,0.0,355.2,226.9,184.8,1,1,1.0
143,6,118.15,288.31,132.85,46.69,1,1,1.0
143,7,726.74,224.44,99.25,65.80000000000001,1,1,1.0
143,8,736.76,470.8,158.25,68.19,1,1,1.0
144,2,207.07,246.7,98.09000000000003,49.22000000000003,1,1,1.0
144,5,0.0,355.2,207.6,184.8,1,1,1.0
144,6,102.94,286.28,132.85,49.72000000000003,1,1,1.0
144,7,718.62,224.44,99.25999999999999,65.80000000000001,1,1,1.0
144,8,760.1,474.9,143.01999999999998,63.07000000000005,1,1,1.0
145,2,207.07,246.7,98.11000000000001,49.25999999999999,1,1,1.0
145,5,0.0,355.2,186.3,184.8,1,1,1.0
145,6,85.7,288.31,132.85000000000002,49.71999999999997,1,1,1.0
145,7,706.5,223.43,105.29999999999995,74.96999999999997,1,1,1.0
145,8,772.3,461.7,131.84000000000003,78.30000000000001,1,1,1.0
146,2,207.07,246.7,98.13,49.30000000000001,1,1,1.0
146,5,0.0,369.4,164.0,170.60000000000002,1,1,1.0
146,6,67.45,288.31,132.85000000000002,49.71999999999997,1,1,1.0
146,7,697.37,223.43,105.29999999999995,74.96999999999997,1,1,1.0
146,8,776.36,462.71,131.83000000000004,77.29000000000002,1,1,1.0
147,2,207.05,246.68,98.13,49.30000000000001,1,1,1.0
147,5,0.0,369.4,127.5,170.60000000000002,1,1,1.0
147,6,48.18,290.34,138.92,49.710000000000036,1,1,1.0
147,7,693.32,224.44,105.28999999999996,74.97000000000003,1,1,1.0
147,8,790.6,455.6,118.60000000000002,82.37,1,1,1.0
148,2,207.03,246.65,98.11999999999998,49.29999999999998,1,1,1.0
148,5,0.0,369.4,109.2,170.60000000000002,1,1,1.0
148,6,30.94,293.38,138.92000000000002,49.72000000000003,1,1,1.0
148,7,686.22,225.45,105.29999999999995,74.98000000000002,1,1,1.0
148,8,790.6,451.5,118.60000000000002,86.47000000000003,1,1,1.0
149,2,207.0,246.63,98.13,49.30000000000001,1,1,1.0
149,5,0.0,369.4,81.8,170.60000000000002,1,1,1.0
149,6,14.72,294.39,138.92,49.72000000000003,1,1,1.0
149,7,677.09,223.43,105.29999999999995,74.96999999999997,1,1,1.0
149,8,811.9,448.46,97.30000000000007,78.44,1,1,1.0
150,2,206.98,246.6,98.13000000000002,49.31000000000003,1,1,1.0
150,5,0.0,390.7,57.5,149.3,1,1,1.0
150,6,0.52,297.44,138.92,49.70999999999998,1,1,1.0
150,7,670.0,223.43,105.28999999999996,74.96999999999997,1,1,1.0
150,8,813.93,445.42,97.30000000000007,78.44,1,1,1.0
151,2,206.96,246.58,98.11999999999998,49.29999999999998,1,1,1.0
151,5,0.0,410.0,22.0,130.0,1,1,1.0
151,6,0.52,295.41,120.68,54.789999999999964,1,1,1.0
151,7,661.88,223.43,105.29999999999995,74.96999999999997,1,1,1.0
151,8,829.1,440.35,82.13,77.44999999999993,1,1,1.0
152,2,206.93,246.56,98.13,49.30000000000001,1,1,1.0
152,6,0.52,295.41,103.48,54.789999999999964,1,1,1.0
152,7,649.72,223.43,110.38,74.96999999999997,1,1,1.0
152,8,829.1,436.29,82.13,77.44999999999999,1,1,1.0
153,2,206.91,246.53,98.11999999999998,49.29999999999998,1,1,1.0
153,6,0.52,295.41,88.28,54.789999999999964,1,1,1.0
153,7,642.62,223.43,110.38,74.96999999999997,1,1,1.0
153,8,844.3,432.24,66.93000000000006,73.36000000000001,1,1,1.0
154,2,206.88,246.51,98.13,49.30000000000001,1,1,1.0
154,6,0.52,295.41,69.98,54.789999999999964,1,1,1.0
154,7,629.43,222.41,115.47000000000003,74.97999999999999,1,1,1.0
154,8,852.4,431.2,57.82000000000005,69.32999999999998,1,1,1.0
155,2,206.86,246.49,98.13,49.30000000000001,1,1,1.0
155,6,0.52,295.41,49.68,54.789999999999964,1,1,1.0
155,7,620.31,224.44,115.46000000000004,74.97000000000003,1,1,1.0
155,8,853.41,424.1,57.82000000000005,69.32999999999998,1,1,1.0
156,2,206.84,246.46,98.11999999999998,49.29999999999998,1,1,1.0
156,6,0.52,295.41,32.48,54.789999999999964,1,1,1.0
156,7,610.17,226.47,115.46000000000004,74.97,1,1,1.0
156,8,869.6,421.06,44.66999999999996,69.32999999999998,1,1,1.0
157,2,206.81,246.44,98.13,49.30000000000001,1,1,1.0
157,6,0.52,295.41,13.18,53.789999999999964,1,1,1.0
157,7,602.06,226.47,115.46000000000004,74.97,1,1,1.0
157,8,869.6,418.02,44.66999999999996,69.33000000000004,1,1,1.0
158,2,206.79,246.42,98.13000000000002,49.30000000000004,1,1,1.0
158,7,593.95,226.47,115.45999999999992,74.97,1,1,1.0
158,8,881.8,412.95,32.47000000000003,69.32999999999998,1,1,1.0
159,2,206.77,246.39,98.11999999999998,49.30000000000001,1,1,1.0
159,7,582.79,226.47,115.47000000000003,74.97,1,1,1.0
159,8,887.4,412.95,26.870000000000005,64.79000000000002,1,1,1.0
160,2,206.74,246.37,98.13,49.30000000000001,1,1,1.0
160,7,574.68,227.48,115.46000000000004,74.97999999999999,1,1,1.0
160,8,893.0,412.95,21.269999999999982,60.25,1,1,1.0
161,2,206.72,246.35,98.13000000000002,49.29999999999998,1,1,1.0
161,7,563.52,230.52,115.47000000000003,74.97999999999999,1,1,1.0
161,8,893.0,412.95,21.269999999999982,60.25,1,1,1.0
162,2,206.7,246.32,98.12,49.30000000000001,1,1,1.0
162,7,553.38,230.52,122.51999999999998,74.97999999999999,1,1,1.0
163,2,206.67,246.3,98.13000000000002,49.30000000000001,1,1,1.0
163,7,542.23,231.54,122.51999999999998,74.97,1,1,1.0
164,2,206.65,246.27,98.12999999999997,49.309999999999974,1,1,1.0
164,7,531.08,231.54,122.50999999999999,74.97,1,1,1.0
165,2,206.62,246.25,98.13,49.30000000000001,1,1,1.0
165,7,519.92,230.52,122.5200000000001,74.97999999999999,1,1,1.0
166,2,206.6,246.23,98.13000000000002,49.29999999999998,1,1,1.0
166,7,507.75,232.55,122.51999999999998,74.96999999999997,1,1,1.0
167,2,206.58,246.2,98.11999999999998,49.30000000000001,1,1,1.0
167,7,485.4,232.55,144.87,74.96999999999997,1,1,1.0
168,2,206.55,246.18,98.13,49.30000000000001,1,1,1.0
168,7,473.23,234.58,144.87,74.97,1,1,1.0
169,2,206.53,246.16,98.13000000000002,49.29999999999998,1,1,1.0
169,7,466.13,234.58,144.87,74.97,1,1,1.0
170,2,206.51,246.13,98.12,49.30000000000001,1,1,1.0
170,7,452.95,232.55,144.87000000000006,74.96999999999997,1,1,1.0
171,2,206.48,246.11,98.13000000000002,49.30000000000001,1,1,1.0
171,7,444.84,235.59,144.87000000000006,74.97999999999999,1,1,1.0
172,2,206.46,246.09,98.12999999999997,49.29999999999998,1,1,1.0
172,7,435.71,239.65,144.87000000000006,74.97,1,1,1.0
173,2,206.44,246.06,98.12,49.30000000000001,1,1,1.0
173,7,423.54,239.65,144.86999999999995,74.97,1,1,1.0
174,2,206.41,246.04,98.13000000000002,49.29999999999998,1,1,1.0
174,7,414.42,240.66,144.86999999999995,74.97999999999999,1,1,1.0
175,2,206.39,246.01,98.13,49.31,1,1,1.0
175,7,402.25,241.67,144.87,74.97999999999999,1,1,1.0
176,2,206.37,245.99,98.12,49.30000000000001,1,1,1.0
176,7,390.08,241.67,144.87000000000006,74.97999999999999,1,1,1.0
177,2,206.34,245.97,98.13000000000002,49.29999999999998,1,1,1.0
177,7,378.93,241.67,144.86999999999995,74.97999999999999,1,1,1.0
178,2,206.32,245.94,98.12,49.30000000000001,1,1,1.0
178,7,366.76,242.69,144.87,74.97000000000003,1,1,1.0
179,2,206.29,245.92,98.13000000000002,49.30000000000004,1,1,1.0
179,7,352.56,242.69,144.87,74.97000000000003,1,1,1.0
180,2,206.27,245.9,98.12999999999997,49.29999999999998,1,1,1.0
180,7,345.47,241.67,144.85999999999996,74.97999999999999,1,1,1.0
181,2,206.25,245.87,98.12,49.30000000000001,1,1,1.0
181,7,334.31,242.69,144.87,74.97000000000003,1,1,1.0
182,2,206.22,245.85,98.13000000000002,49.29999999999998,1,1,1.0
182,7,321.13,244.71,144.87,74.97999999999999,1,1,1.0
183,2,206.2,245.83,98.13,49.29999999999998,1,1,1.0
183,7,310.99,242.69,144.87,74.97000000000003,1,1,1.0
184,2,206.18,245.8,98.12,49.30000000000001,1,1,1.0
184,7,302.88,241.67,144.87,74.97999999999999,1,1,1.0
185,2,206.15,245.78,98.12999999999997,49.29999999999998,1,1,1.0
185,7,286.65,243.7,144.87,74.97000000000003,1,1,1.0
186,2,206.13,245.76,98.13,49.30000000000001,1,1,1.0
186,7,280.57,241.67,144.87,74.97999999999999,1,1,1.0
187,2,206.11,245.73,98.12,49.29999999999998,1,1,1.0
187,7,266.37,242.69,144.87,74.97000000000003,1,1,1.0
188,2,206.08,245.71,98.12999999999997,49.29999999999998,1,1,1.0
188,7,255.22,245.73,144.86999999999998,74.97,1,1,1.0
189,2,206.06,245.68,98.13,49.31,1,1,1.0
189,7,236.0,243.7,152.93,82.07,1,1,1.0
190,2,206.06,245.68,98.13,49.31,1,1,1.0
190,7,223.83,243.7,152.93999999999997,82.07,1,1,1.0
